0|0.198960363873|0.202099505999|0.078706528371|0.577945084145|0.126830178122|0.325140313528|0.553364269142|0.338739368182|-1.0
0|0.282910981157|0.429163726182|0.210494203783|0.261293179805|0.845534520812|0.520611573447|0.388631090487|0.339542229706|-1.0
1|0.518128654971|0.368736767819|0.710799267846|0.16076173605|0.0276353010662|0.154248113025|0.0580046403712|0.321718402112|-1.0
0|0.359315802592|0.361075268817|0.0384615384615|0.00385267864221|0.0192307692308|0.0357142857143|0.208333333333|0.239890975535|-1.0
0|0.475853688933|0.308494623656|0.269230769231|0.0575523599639|0.423076923077|0.375|0.166666666667|0.290122287568|-1.0
1|0.164830508475|0.330430107527|0.692307692308|0.938594961394|0.557692307692|0.589285714286|0.625|0.469986736897|-1.0
0|0.288566350711|0.262892810246|0.244983355674|0.488432922576|0.244631157007|0.250673313624|0.264102564103|0.282147936858|0.0
1|0.370877074521|0.442474772004|0.499976294227|0.0233666589165|0.499977762825|0.499969080859|0.470512820513|0.447871199073|0.0
0|0.340556574768|0.29463241775|0.255040350098|0.488200418507|0.255391080167|0.249357605517|0.265384615385|0.26998086407|0.0
0|0.243218242274|0.195238095238|0.243010752688|0.157603386519|0.256997455471|0.205748865356|0.19696969697|0.30478550793|5.0
0|0.519231920828|0.6160906298|0.483870967742|0.174861608597|0.473282442748|0.515885022693|0.606060606061|0.37050655796|5.0
1|0.237549836897|0.188671274962|0.27311827957|0.667535004884|0.269720101781|0.278366111952|0.19696969697|0.32470793411|5.0
0|0.307249240122|0.492540237144|0.0322580645161|0.0884504167375|0.0739252711933|0.172557172557|0.0365853658537|0.122725952008|1.0
1|0.515602836879|0.234641399353|0.822580645161|0.0497250099223|0.551426275613|0.405405405405|0.621951219512|0.672465815336|1.0
0|0.177147922999|0.272818363503|0.145161290323|0.86182457334|0.374648453194|0.422037422037|0.341463414634|0.204808232656|1.0
0|0.196858850129|0.261640900379|0.216783216783|0.0697674418605|0.198863636364|0.197368421053|0.205882352941|0.199502608704|1.0
1|0.528353204696|0.294836355595|0.34965034965|0.143357757248|0.318181818182|0.407894736842|0.352941176471|0.370995363458|1.0
0|0.274787945175|0.443522744026|0.433566433566|0.786874800892|0.482954545455|0.394736842105|0.441176470588|0.429502027838|1.0
0|0.290733421168|0.301764705882|0.117647058824|0.352542372881|0.0923076923077|0.00712736287574|0.145833333333|0.21565199972|-1.0
0|0.305775142732|0.277647058824|0.558823529412|0.322033898305|0.538461538462|0.973039975209|0.666666666667|0.508124052356|-1.0
1|0.4034914361|0.420588235294|0.323529411765|0.325423728814|0.369230769231|0.0198326619151|0.1875|0.276223947924|-1.0
0|0.222222222222|0.125|0.0789473684211|0.041394335512|0.1|0.0731707317073|0.154761904762|0.188959631233|1.0
0|0.383597883598|0.675|0.508771929825|0.708061002179|0.366666666667|0.520325203252|0.309523809524|0.391739132962|1.0
1|0.39417989418|0.2|0.412280701754|0.250544662309|0.533333333333|0.406504065041|0.535714285714|0.419301235806|1.0
1|0.553665535693|0.441273584906|0.111111111111|0.682152308145|0.225165562914|0.243421052632|0.209302325581|0.293666445132|-1.0
0|0.172965513749|0.166509433962|0.666666666667|0.246692149368|0.503311258278|0.467105263158|0.581395348837|0.440204367985|-1.0
0|0.273368950558|0.392216981132|0.222222222222|0.0711555424875|0.271523178808|0.289473684211|0.209302325581|0.266129186883|-1.0
0|0.275283822138|0.158813747228|0.261019283747|0.302377414562|0.257565337001|9.73599132176e-06|0.31467473525|0.322624980384|-1.0
1|0.430302743614|0.425766814486|0.318870523416|0.402674591382|0.435866574966|0.499996231229|0.354009077156|0.352949450731|-1.0
0|0.294413434248|0.415419438285|0.420110192837|0.294947994056|0.306568088033|0.49999403278|0.331316187595|0.324425568885|-1.0
0|0.413959840543|0.384615384615|0.148087206911|0.333333333333|0.117113564669|0.096752368065|0.285123966942|0.285179512782|1.0
0|0.292115753728|0.332264957265|0.76100370218|0.333333333333|0.125788643533|0.501353179973|0.297520661157|0.393820301237|1.0
1|0.293924405729|0.28311965812|0.0909090909091|0.333333333333|0.757097791798|0.401894451962|0.417355371901|0.32100018598|1.0
0|0.309435626102|0.35830273805|0.0746268656716|0.355614973262|0.08|0.0941176470588|0.0754716981132|0.2545003232|-1.0
1|0.196450617284|0.341726487296|0.410447761194|0.344919786096|0.44|0.388235294118|0.150943396226|0.350533360718|-1.0
0|0.494113756614|0.299970774654|0.514925373134|0.299465240642|0.48|0.517647058824|0.77358490566|0.394966316082|-1.0
1|0.38942915876|0.535820895522|0.999308171266|0.73883161512|0.999346883533|0.831460674157|0.712328767123|0.646796870709|-1.0
0|0.375573213156|0.35447761194|0.000422784226305|0.0836197021764|0.000369837035638|0.0861423220974|0.178082191781|0.204232343591|-1.0
0|0.234997628083|0.109701492537|0.000269044507649|0.177548682703|0.000283279431553|0.0823970037453|0.109589041096|0.1489707857|-1.0
0|1.0|0.0|0.620185011882|0.464110694725|0.628878569759|0.653155849533|0.765432098765|0.522460755724|-1.0
0|0.0|0.0|5.13256561557e-06|0.265782646296|5.43475307199e-06|1.2470756077e-06|0.0102880658436|0.078452358793|-1.0
1|0.0|1.0|0.379809855552|0.27010665898|0.371115995488|0.346842903392|0.224279835391|0.399086885483|-1.0
1|0.310111519108|0.247191791696|0.134550371873|0.413101209796|0.146723646724|0.13279869512|0.340715502555|0.342843357832|1.0
0|0.215921288014|0.480570770818|0.494929006085|0.362938920035|0.47150997151|0.494766888677|0.316865417376|0.326628139624|1.0
0|0.473967192878|0.272237437485|0.370520622042|0.223959870168|0.381766381766|0.372434416202|0.342419080068|0.330528502544|1.0
0|0.333333333333|0|0.230851367813|0.265060240964|0.438802027862|0.422898066983|0.269503546099|0.324085713427|2.0
0|0.0|0|0.766998029868|0.548862115127|0.556667944731|0.573585883954|0.414893617021|0.363464679738|2.0
1|0.666666666667|0|0.00215060231904|0.186077643909|0.00453002740738|0.00351604906266|0.315602836879|0.312449606836|2.0
1|0.26005098037|0.287958532695|0.00543179608573|0.402820512821|0.175729608381|0.176015473888|0.31975308642|0.33151077721|-1.0
0|0.366770445912|0.397900053163|0.497692015048|0.14358974359|0.425168371165|0.423235009671|0.374074074074|0.339172064334|-1.0
0|0.373178573718|0.314141414141|0.496876188866|0.45358974359|0.399102020454|0.400749516441|0.306172839506|0.329317158456|-1.0
0|0.372878185487|0.236425339367|0.362624134818|0.0861130825645|0.0943488943489|0.133427819397|0.344086021505|0.331106230268|0.0
0|0.06362361758|0.333333333333|0.142341257899|0.0397444996451|0.0555282555283|0.394816764527|0.225806451613|0.324213180223|0.0
1|0.563498196933|0.4302413273|0.495034607283|0.87414241779|0.850122850123|0.471755416076|0.430107526882|0.344680589509|0.0
0|0.0037037037037|0.025|0.00376773830064|0.285517241379|0.0335570469799|0.00258566978193|0.198391420912|0.245841611404|1.0
1|0.80462962963|0.9|0.996010925938|0.393103448276|0.961968680089|0.996884735202|0.664879356568|0.589269897443|1.0
0|0.191666666667|0.075|0.00022133576132|0.321379310345|0.00447427293065|0.000529595015576|0.13672922252|0.164888491153|1.0
0|0.340909090909|0|0.49890130758|0.39012797075|0.239194499018|0.499130228513|0.335748792271|0.296076156206|-1.0
0|0.431818181818|0|0.00219738484076|0.338391224863|0.347740667976|0.148137898316|0.280193236715|0.331732362428|-1.0
1|0.227272727273|0|0.49890130758|0.271480804388|0.413064833006|0.352731873172|0.384057971014|0.372191481366|-1.0
1|0.405178571429|0.3|0.0467410660826|0.674352495262|0.0585054719824|0.839638309651|0.630434782609|0.376180905369|1.0
0|0.320714285714|0.341666666667|0.950272913745|0.168982943778|0.940676216187|0.114873592914|0.108695652174|0.367430763768|1.0
0|0.274107142857|0.358333333333|0.00298602017205|0.15666456096|0.000818311830342|0.045488097435|0.260869565217|0.256388330863|1.0
0|0.322570532915|0.28399122807|0.438016528926|0.326653306613|0.4676520994|0.41440434366|0.333466453674|0.323461337961|-1.0
0|0.289498432602|0.325657894737|0.129658506159|0.376753507014|0.118680377035|0.226924305334|0.33107028754|0.324692168611|-1.0
1|0.387931034483|0.390350877193|0.432324964915|0.296593186373|0.413667523565|0.358671351006|0.335463258786|0.351846493428|-1.0
0|0.130133333333|0.111111111111|0.0433604336043|0.207818930041|0.0771208226221|0.0757682714481|0.100917431193|0.180204488387|1.0
0|0.0497777777778|0.0747126436782|0.119241192412|0.745884773663|0.0616966580977|0.917690244247|0.0|0.315669253062|1.0
1|0.820088888889|0.814176245211|0.837398373984|0.0462962962963|0.86118251928|0.00654148430514|0.899082568807|0.504126258551|1.0
0|0.227250957854|0.199439503428|0.498876404494|0.472865123703|0.390761548065|0.431839847474|0.259459459459|0.330265757521|1.0
0|0.531971541641|0.462224383917|0.249438202247|0.0542697525938|0.159800249688|0.314585319352|0.535135135135|0.309797342553|1.0
1|0.240777500504|0.338336112655|0.251685393258|0.472865123703|0.449438202247|0.253574833174|0.205405405405|0.359936899925|1.0
0|0.341205578048|0.5|0.289473684211|0.341794780122|0.00295540032241|0.292410714286|0.330985915493|0.280889616373|-1.0
1|0.300719748088|0.25|0.390977443609|0.327314980336|0.499171592334|0.399553571429|0.387323943662|0.413742813434|-1.0
0|0.358074673864|0.25|0.31954887218|0.330890239542|0.497873007344|0.308035714286|0.281690140845|0.305367570193|-1.0
0|0.290277777778|0.435606060606|0.018358426415|0.136999637|0.208689545604|0.200397263297|0.291018998273|0.295988834003|-1.0
0|0.226537698413|0.147727272727|0.481684869163|0.490545490545|0.291835650657|0.307989406312|0.337651122625|0.295941467139|-1.0
1|0.48318452381|0.416666666667|0.499956704422|0.372454872455|0.499474803739|0.491613330391|0.371329879102|0.408069698858|-1.0
0|0.5|0.0|0.697674418605|0.466573816156|0.564102564103|0.607843137255|0.809523809524|0.477941176471|1.0
0|0.0|1.0|0.0|0.25069637883|0.0|0.0|0.190476190476|0.169117647059|1.0
1|0.5|0.0|0.302325581395|0.282729805014|0.435897435897|0.392156862745|0.0|0.352941176471|1.0
0|0.341358817608|0.236128459903|0.0478285823608|0.120660216278|0.0586419753086|0.049610496105|0.281690140845|0.327129077721|1.0
0|0.291524937945|0.374093360877|0.0434283527836|0.230506545248|0.0519079685746|0.0442804428044|0.183098591549|0.326543927595|1.0
1|0.367116244447|0.38977817922|0.908743064856|0.648833238475|0.889450056117|0.906109061091|0.535211267606|0.346326994684|1.0
0|0.00666666666667|0.0982142857143|0.448840495387|0.608391608392|0.977652317341|0.346254927727|0.154761904762|0.283607614743|-1.0
1|0.78|0.767857142857|0.548582827695|0.208041958042|0.0222482646989|0.282522996058|0.686507936508|0.534683822694|-1.0
0|0.213333333333|0.133928571429|0.00257667691796|0.183566433566|9.94179599689e-05|0.371222076216|0.15873015873|0.181708562563|-1.0
1|0.249295449295|0.551470588235|0.998331147932|0.483213053028|0.999321519337|0.570295511319|0.846846846847|0.676324769676|1.0
0|0.360695310695|0.398109243697|0.000357611157468|0.0461248823345|0.000137996067112|0.000185705471123|0.045045045045|0.100731861447|1.0
0|0.390009240009|0.0504201680672|0.00131124091072|0.470662064638|0.000540484596189|0.42951878321|0.108108108108|0.222943368878|1.0
1|0.614057581678|0.718137254902|0.945196764519|0.481464737794|0.865614538498|0.660871636104|0.351380042463|0.359666927962|-1.0
0|0.342267719527|0.247140522876|0.0337180768881|0.0856690777577|0.0846484935438|0.225053584187|0.345010615711|0.322822250353|-1.0
0|0.0436746987952|0.0347222222222|0.0210851585931|0.432866184448|0.0497369679579|0.114074779709|0.303609341826|0.317510821684|-1.0
1|0.36556036556|0.162587412587|0.1328125|0.159216687952|0.367816091954|0.4|0.47619047619|0.476074890323|1.0
0|0.223424723425|0.673076923077|0.838541666667|0.376756066411|0.51724137931|0.504761904762|0.428571428571|0.386840035596|1.0
0|0.411014911015|0.164335664336|0.0286458333333|0.464027245636|0.114942528736|0.0952380952381|0.0952380952381|0.137085074081|1.0
0|0.333333333333|0.342857142857|0.0|0.242699856391|0.999986666844|0.334905660377|0.3|0.257371794872|-1.0
0|0.52380952381|0.342857142857|0.0|0.29631402585|0.0|0.32884097035|0.3|0.289543269231|-1.0
1|0.142857142857|0.314285714286|1.0|0.46098611776|1.33331555579e-05|0.336253369272|0.4|0.453084935897|-1.0
0|0.0|0.0|6.95543306265e-05|0.393719806763|1.955454741e-05|0.243204577969|0.188034188034|0.268280265062|-1.0
0|0.714285714286|0.666666666667|8.69429132831e-05|0.216586151369|3.19983503073e-05|0.201716738197|0.156695156695|0.314526705031|-1.0
1|0.285714285714|0.333333333333|0.999843502756|0.389694041868|0.999948447102|0.555078683834|0.655270655271|0.417193029906|-1.0
1|0.607693413863|0.666666666667|0.000743763443022|0.113763790921|0.000682128240109|0.00110578695171|0.285714285714|0.205834673105|-1.0
0|0.234289617486|0.152777777778|0.000201017146763|0.352685838307|0.000200625952973|0.00122865216857|0.285714285714|0.140933050734|-1.0
0|0.158016968651|0.180555555556|0.99905521941|0.533550370772|0.999117245807|0.99766556088|0.428571428571|0.653232276161|-1.0
1|0.700439319055|0.716584158416|0.998954644775|0.417391304348|0.997884150604|0.998091374588|0.659090909091|0.515721483752|-1.0
0|0.190554640308|0.190594059406|0.00102963271448|0.293913043478|0.00211149443871|0.00190461473316|0.276515151515|0.316013054623|-1.0
0|0.109006040637|0.0928217821782|1.57225107239e-05|0.288695652174|4.35495727985e-06|4.01067910155e-06|0.0643939393939|0.168265461625|-1.0
0|0.427215474584|0.361016260163|0.0963777490298|0.363095238095|0.104556228602|0.120166104334|0.251040221914|0.334996184102|1.0
0|0.317588843905|0.234308943089|0.743855109961|0.172619047619|0.758493547538|0.746171814171|0.20665742025|0.292218537063|1.0
1|0.255195681511|0.404674796748|0.159767141009|0.464285714286|0.136950223861|0.133662081495|0.542302357836|0.372785278835|1.0
0|0.30385607251|0.310661505982|0.0874988455013|0.331275720165|0.00205730487299|0.926475396931|0.269565217391|0.287043370013|1.0
1|0.441181708456|0.305515482055|0.00105484719299|0.334362139918|0.000985431745885|0.000859866054668|0.302173913043|0.323023016027|1.0
0|0.254962219034|0.383823011963|0.911446307306|0.334362139918|0.996957263381|0.0726647370142|0.428260869565|0.38993361396|1.0
1|0.669683257919|0.189189189189|0.655210295041|0.454177897574|0.684092301409|0.751471149288|0.575396825397|0.521344121726|3.0
0|0.16742081448|0.432432432432|0.342906465788|0.206199460916|0.313797563134|0.247407424535|0.25|0.271034949815|3.0
0|0.162895927602|0.378378378378|0.00188323917137|0.339622641509|0.00211013545708|0.00112142617663|0.174603174603|0.207620928459|3.0
1|0.876501592537|0.8|0.645161290323|0.536839817431|0.287545787546|0.999800039992|0.85618729097|0.746777959432|0.0
0|0.100628930818|0.12380952381|0.193548387097|0.215387959139|0.304029304029|0.000110322763034|0.066889632107|0.117862148014|0.0
0|0.0228694766455|0.0761904761905|0.161290322581|0.24777222343|0.408424908425|8.96372449648e-05|0.0769230769231|0.135359892554|0.0
1|0.119492656876|0.190666666667|0.338521400778|0.194857372439|0.415973576822|0.648452229373|0.322115384615|0.341582206528|1.0
0|0.475904380444|0.288|0.284046692607|0.130172760145|3.59010566878e-05|5.03005000355e-05|0.291666666667|0.294095146314|1.0
0|0.40460296268|0.521333333333|0.377431906615|0.674969867417|0.583990522121|0.351497470127|0.386217948718|0.364322647157|1.0
0|0.0508474576271|0.0|2.10775442854e-05|0.153231663036|0.18684180727|0.239320062626|0.0963995354239|0.205202486685|-1.0
0|0.650188323917|0.5|0.909345482028|0.802469135802|0.74623485449|0.682174010289|0.406504065041|0.41234433792|-1.0
1|0.298964218456|0.5|0.0906334404273|0.0442992011619|0.0669233382403|0.0785059270857|0.497096399535|0.382453175395|-1.0
0|0.0|0.0|0.0721283238239|0.332313965341|0.000288685375936|0.000207952087839|0.127192982456|0.139729663494|0.0
1|1.0|1.0|0.915060824631|0.334352701325|0.98275872659|0.9815338546|0.429824561404|0.54598466238|0.0
0|0.0|0.0|0.0128108515448|0.333333333333|0.0169525880337|0.0182581933123|0.44298245614|0.314285674126|0.0
0|0.226151079137|0.451388888889|0.198675496689|0.0710313046242|0.000842948211369|0.0293058147486|0.0909090909091|0.157930316317|3.0
1|0.62190647482|0.220486111111|0.596026490066|0.0676942634673|0.00166833500167|0.970682717759|0.727272727273|0.669723838914|3.0
0|0.151942446043|0.328125|0.205298013245|0.861274431908|0.997488716787|1.14674927277e-05|0.181818181818|0.172345844769|3.0
1|0.4886432834|0.5|0.466405299446|0.333333333333|0.494038206761|0.490935750467|0.351443123939|0.414995382353|-1.0
0|0.347369382536|0.2875|0.128227659862|0.333333333333|0.0961365870336|0.0321247667289|0.262308998302|0.272191073689|-1.0
0|0.163987334064|0.2125|0.405367040692|0.333333333333|0.409825206205|0.476939482805|0.386247877759|0.312813543959|-1.0
0|0.195305832148|0.329009009009|8.68802182431e-06|0.204136995592|0.000725050494588|0.0825292026409|0.0484375|0.178785381565|1.0
0|0.263005759961|0.156036036036|0.00552309958831|0.338080705324|0.00233051944689|0.0255205688167|0.1140625|0.359190329723|1.0
1|0.541688407891|0.514954954955|0.99446821239|0.457782299084|0.996944430059|0.891950228542|0.8375|0.462024288712|1.0
0|0.31388460446|0.204700854701|0.489520738678|0.356970185334|0.575149838635|0.62966507177|0.213367609254|0.306038120523|-1.0
1|0.619946681336|0.552820512821|0.479261321999|0.346494762288|0.325034578147|0.31961722488|0.431876606684|0.389955324067|-1.0
0|0.066168714204|0.242478632479|0.0312179393229|0.296535052377|0.0998155832181|0.0507177033493|0.354755784062|0.304006555409|-1.0
0|0.178165584416|0.22038155498|0.00106774231819|0.213483146067|0.0443562928237|0.0572232645403|0.0722891566265|0.0946678702335|5.0
1|0.448998917749|0.54871057425|0.446079012932|0.573033707865|0.769022719077|0.764540337711|0.469879518072|0.450818885017|5.0
0|0.372835497835|0.23090787077|0.55285324475|0.213483146067|0.1866209881|0.178236397749|0.457831325301|0.454513244749|5.0
0|0.333333333333|0.166666666667|0.114316736467|0.338146811071|0.328251121076|0.447643979058|0.265229615745|0.324100527446|-1.0
0|0.444444444444|0.0833333333333|0.536683728866|0.336943441637|0.262780269058|0.277486910995|0.299906279288|0.341246570165|-1.0
1|0.222222222222|0.75|0.348999534667|0.324909747292|0.408968609865|0.274869109948|0.434864104967|0.334652902389|-1.0
0|0.425925925926|0.209890852893|0.196547472256|0.333722741433|0.234593023256|0.22462562396|0.231759335479|0.328201618227|-1.0
1|0.23544973545|0.404858495122|0.221454993835|0.333333333333|0.625|0.607321131448|0.441742123775|0.321461369141|-1.0
0|0.338624338624|0.385250651985|0.581997533909|0.332943925234|0.140406976744|0.168053244592|0.326498540747|0.350337012632|-1.0
0|0.526515151515|1.0|0.470085470085|0.332595870206|0.000644745325596|0.00966910903677|0.795454545455|0.343831751969|1.0
1|0.159090909091|0.0|0.529914529915|0.332595870206|0.999355254674|0.990330890963|0.136363636364|0.571538700899|1.0
0|0.314393939394|0.0|0.0|0.334808259587|0.0|0.0|0.0681818181818|0.0846295471326|1.0
0|0.0|0.0|0.000117519906138|0.333827893175|0.00146511890003|0.000185470339842|0.145161290323|0.211240511642|-1.0
1|0.333333333333|0.0|0.978262242353|0.33234421365|0.755099740787|0.96904658181|0.559677419355|0.428160172231|-1.0
0|0.666666666667|1.0|0.0216202377413|0.333827893175|0.243435140313|0.0307679478498|0.295161290323|0.360599316127|-1.0
1|0.257782257261|0.393939393939|0.314136125654|0.413994169096|0.284820031299|0.308694420844|0.363855421687|0.348683771979|-1.0
0|0.306410173354|0.565656565657|0.477021524142|0.0466472303207|0.530516431925|0.48145001416|0.351807228916|0.329388986904|-1.0
0|0.435807569385|0.040404040404|0.208842350204|0.539358600583|0.184663536776|0.209855564996|0.284337349398|0.321927241117|-1.0
1|0.0702331043915|0.0381263616558|0.268267756771|0.302915082383|0.220550077841|0.237034035656|0.33242506812|0.331692724436|-1.0
0|0.811664139387|0.847494553377|0.121103730199|0.397972116603|0.376232485729|0.118719611021|0.287465940054|0.341162981891|-1.0
0|0.118102756222|0.114379084967|0.61062851303|0.299112801014|0.40321743643|0.644246353323|0.380108991826|0.327144293673|-1.0
1|1.0|1.0|0.991885672763|0.681577220175|0.999345666528|0.998154098585|0.979706877114|0.671644625572|1.0
0|0.0|0.0|0.00794477413104|0.275155248145|0.000559157694367|0.00158952621864|0.00676437429538|0.251495859183|1.0
0|0.0|0.0|0.000169553106455|0.0432675316807|9.51757777646e-05|0.000256375196554|0.0135287485908|0.0768595152453|1.0
0|0.282828282828|0.285163339383|0.976662897091|0.13413304253|0.926354793886|0.615931854348|0.537931034483|0.395265695201|1.0
1|0.644570707071|0.663112522686|0.0207326685172|0.13413304253|0.0710205341979|0.3416643265|0.41724137931|0.342276700561|1.0
0|0.072601010101|0.051724137931|0.00260443439224|0.73173391494|0.00262467191601|0.0424038191519|0.0448275862069|0.262457604238|1.0
1|0.0947712418301|0.254901960784|0.99977782715|0.476694915254|0.000318523806909|0.989826022223|0.82800982801|0.513594921845|-1.0
0|0.490196078431|0.313725490196|0.000122356062582|0.477577683616|0.99950573892|0.00587278392015|0.113022113022|0.275458724189|-1.0
0|0.415032679739|0.43137254902|9.98167878958e-05|0.0457274011299|0.000175737272777|0.00430119385701|0.0589680589681|0.210946353966|-1.0
0|0.0833333333333|0.0|0.753424657534|0.413297394429|0.77775578864|0.703761483793|0.352777777778|0.303131078176|-1.0
0|0.0692307692308|0.321428571429|0.0701369863014|0.350404312668|0.0684741737582|0.0604957531635|0.138888888889|0.287833827968|-1.0
1|0.847435897436|0.678571428571|0.176438356164|0.236298292902|0.153770037601|0.235742763044|0.508333333333|0.409035093857|-1.0
1|0.147662848548|0.430894308943|0.117581317376|0.247212796898|0.0100750682541|0.047376024917|0.414285714286|0.344368505474|-1.0
0|0.276076015272|0.447154471545|0.881277794594|0.53320407174|0.989515632098|0.952211193876|0.285714285714|0.357338784294|-1.0
0|0.57626113618|0.121951219512|0.00114088802999|0.219583131362|0.000409299647822|0.000412781207197|0.3|0.298292710232|-1.0
0|0.23898775357|0.319859246806|0.326616682287|0.451612903226|0.178966789668|0.243083003953|0.521341463415|0.312888344807|-1.0
1|0.375285463945|0.305628373503|0.609184629803|0.152419354839|0.265221402214|0.270750988142|0.393292682927|0.356435073537|-1.0
0|0.385726782485|0.374512379691|0.06419868791|0.395967741935|0.555811808118|0.486166007905|0.0853658536585|0.330676581656|-1.0
0|0.22319556366|0.311254728878|0.00157324039113|0.248792270531|0.0357142857143|0.000417094933786|0.0116129032258|0.3296802171|1.0
0|0.176202387113|0.114214656018|0.00123438861458|0.376811594203|0.0523360287511|0.000292959536826|0.0716129032258|0.238780894654|1.0
1|0.600602049226|0.574530615104|0.997192370994|0.374396135266|0.911949685535|0.999289945529|0.916774193548|0.431538888246|1.0
0|0.209349200206|0.299876847291|0.118883698058|0.139620042056|0.121383498035|0.0904454896158|0.226506024096|0.319691960994|-1.0
1|0.385087876614|0.43105314226|0.458323088271|0.361503879342|0.457197285391|0.492654441685|0.451807228916|0.342653765939|-1.0
0|0.40556292318|0.269070010449|0.422793213671|0.498876078602|0.421419216573|0.416900068699|0.321686746988|0.337654273067|-1.0
0|0.399295393816|0.165015243902|0.330882352941|0.404836193448|0.336206896552|0.268707482993|0.286363636364|0.331265333289|-1.0
0|0.295385863341|0.418826219512|0.310049019608|0.41263650546|0.329937304075|0.349206349206|0.340909090909|0.340822935898|-1.0
1|0.305318742843|0.416158536585|0.359068627451|0.182527301092|0.333855799373|0.3820861678|0.372727272727|0.327911730814|-1.0
0|0.497004830918|0.246345811052|0.1015625|0.306612318841|0.0123839009288|0.300628587046|0.40350877193|0.315952200466|-1.0
0|0.206942719117|0.170231729055|0.0924479166667|0.186141304348|0.0103647866469|0.434544957639|0.280701754386|0.253645384404|-1.0
1|0.296052449965|0.583422459893|0.805989583333|0.507246376812|0.977251312424|0.264826455316|0.315789473684|0.43040241513|-1.0
0|0.231213181686|0.338659158058|0.366553416384|0.373672566372|0.499857739709|0.0951417004049|0.195555555556|0.334247121284|-1.0
0|0.323951589385|0.302085102385|0.299924499811|0.267699115044|0.059741835008|0.407129832803|0.495555555556|0.318680060486|-1.0
1|0.44483522893|0.359255739557|0.333522083805|0.358628318584|0.440400425283|0.497728466792|0.308888888889|0.34707281823|-1.0
0|0.347913524384|0.284274193548|0.252669279632|0.333333333333|0.266949152542|0.253521126761|0.319555555556|0.30476819877|-1.0
1|0.307692307692|0.375|0.439924314096|0.333333333333|0.418886198547|0.439906103286|0.368444444444|0.390998187396|-1.0
0|0.344394167924|0.340725806452|0.307406406271|0.333333333333|0.31416464891|0.306572769953|0.312|0.304233613834|-1.0
1|0.0877976190476|0.341577060932|0.0882352941176|0.341375150784|0.302242888403|0.25764354959|0.22|0.250795727949|1.0
0|0.422549833887|0.368458781362|0.470588235294|0.223160434258|0.49863238512|0.477255779269|0.46|0.379360715684|1.0
0|0.489652547065|0.289964157706|0.441176470588|0.435464414958|0.199124726477|0.265100671141|0.32|0.369843556367|1.0
1|0.503085063085|0.3145087236|0.152338811631|0.251236399604|0.272368241863|0.64680032958|0.463171036205|0.390786493789|1.0
0|0.289116809117|0.45041322314|0.291403286979|0.596439169139|0.614190385401|0.097775336446|0.283395755306|0.300487313123|1.0
0|0.207798127798|0.23507805326|0.556257901391|0.152324431256|0.113441372736|0.255424333974|0.253433208489|0.308726193088|1.0
0|0.625658389767|0.296140939597|0.378772112383|0.267469879518|0.383502945903|0.269439421338|0.502702702703|0.382514202174|-1.0
0|0.220003472825|0.377516778523|0.488033298647|0.339759036145|0.497589716122|0.285714285714|0.403243243243|0.271737955029|-1.0
1|0.154338137408|0.326342281879|0.13319458897|0.392771084337|0.118907337975|0.444846292948|0.0940540540541|0.345747842798|-1.0
1|0.727272727273|0.5|0.360068259386|0.263157894737|0.120274914089|0.125928217822|0.33189033189|0.335579032068|1.0
0|0.133333333333|0.0|0.467576791809|0.400085579803|0.451317296678|0.657487623762|0.320346320346|0.333952574539|1.0
0|0.139393939394|0.5|0.172354948805|0.33675652546|0.428407789233|0.216584158416|0.347763347763|0.330468393393|1.0
0|0.175448603684|0.2109375|0.00370277767856|0.152897657213|0.236767216847|0.00417865731068|0.51677852349|0.300380593994|-1.0
0|0.245609031491|0.484375|0.0319081806384|0.221948212084|0.690950483779|0.0221153467103|0.238255033557|0.314553376|-1.0
1|0.578942364825|0.3046875|0.964389041683|0.625154130703|0.0722822993739|0.973705995979|0.244966442953|0.385066030006|-1.0
0|0.454259703196|0.328304597701|0.0394469296462|0.113402061856|0.0307404756224|0.300700242392|0.274100719424|0.328110705044|-1.0
1|0.206738299087|0.226293103448|0.478344855632|0.45206185567|0.473872584109|0.248182063022|0.339568345324|0.335762668361|-1.0
0|0.339001997717|0.445402298851|0.482208214721|0.434536082474|0.495386940269|0.451117694587|0.386330935252|0.336126626595|-1.0
0|0.512477584248|0.378218389887|0.781546811398|0.66717791411|0.779139829628|0.748587570621|0.604373757455|0.444460465739|-1.0
1|0.369372536487|0.419955001946|0.196472184532|0.170245398773|0.200498649491|0.21581920904|0.147117296223|0.356179277755|-1.0
0|0.118149879266|0.201826608167|0.0219810040706|0.162576687117|0.0203615208809|0.035593220339|0.248508946322|0.199360256506|-1.0
0|0.25|0.0|0.417582417582|0.295238095238|0.417777777778|0.416243654822|0.44|0.391379993049|-1.0
1|0.479166666667|0.785714285714|0.274725274725|0.352380952381|0.297777777778|0.294416243655|0.386666666667|0.365177275505|-1.0
0|0.270833333333|0.214285714286|0.307692307692|0.352380952381|0.284444444444|0.289340101523|0.173333333333|0.243442731446|-1.0
1|0.0|0.0|0.510638297872|0.319004524887|0.479674796748|0.449541284404|0.576923076923|0.126162652922|5.0
0|0.400210350365|0.304964539007|0.414893617021|0.314479638009|0.455284552846|0.48623853211|0.230769230769|0.762222666548|5.0
0|0.599789649635|0.695035460993|0.0744680851064|0.366515837104|0.0650406504065|0.0642201834862|0.192307692308|0.11161468053|5.0
0|0.244861001172|0.288809979923|0.333333333333|0.190789473684|0.273072060683|0.333333333333|0|0.33104978617|0.0
1|0.345934003877|0.309510364796|0.333333333333|0.190789473684|0.556257901391|0.333333333333|0|0.336322924231|0.0
0|0.409204994951|0.401679655281|0.333333333333|0.618421052632|0.170670037927|0.333333333333|0|0.332627289599|0.0
0|0.534702486679|0.32134502924|0.647887323944|0.331784386617|0.995243966884|0.997691906783|0.631578947368|0.577987797567|1.0
0|0.370270870337|0.325730994152|0.140845070423|0.332713754647|0.00220186718337|0.000744546199092|0.105263157895|0.141354780629|1.0
1|0.095026642984|0.352923976608|0.211267605634|0.335501858736|0.00255416593271|0.00156354701809|0.263157894737|0.280657421804|1.0
0|0.247605363985|0.689285714286|0.0503756076005|0.629996802047|0.351569933397|0.125910509886|0.19309600863|0.301149520236|1.0
0|0.400502873563|0.17806122449|0.0525850640742|0.0374160537256|0.321122740247|0.340270551509|0.211434735707|0.306308019801|1.0
1|0.351891762452|0.132653061224|0.897039328325|0.332587144228|0.327307326356|0.533818938606|0.595469255663|0.392542459963|1.0
1|0.333333333333|0|0.474836285841|0.813162904542|0.642339756731|0.547833197056|0.520325203252|0.482461748729|1.0
0|0.444444444444|0|0.52440710689|0.0834919771553|0.357045237119|0.424161896975|0.373983739837|0.425037115132|1.0
0|0.222222222222|0|0.000756607268648|0.103345118303|0.000615006150062|0.0280049059689|0.105691056911|0.0925011361393|1.0
1|0.455357142857|0|0.422920433996|0.302694898941|0.257333333333|0.257203842049|0.401115618661|0.380136704084|-1.0
0|0.130952380952|0|0.271699819168|0.402791145332|0.3688|0.368729989328|0.289046653144|0.309914214512|-1.0
0|0.41369047619|0|0.305379746835|0.294513955727|0.373866666667|0.374066168623|0.309837728195|0.309949081404|-1.0
1|0.718586789555|0.850694444444|0.987953092337|0.434633027523|0.988053783369|0.986295332562|0.493055555556|0.616088693363|1.0
0|0.146082949309|0.114583333333|0.0119778383761|0.130733944954|0.0117273673353|0.0136245000894|0.277777777778|0.211193693652|1.0
0|0.135330261137|0.0347222222222|6.90692869864e-05|0.434633027523|0.000218849295942|8.01673483524e-05|0.229166666667|0.172717612986|1.0
1|0.255768827355|0.234578447361|0.423945044161|0.335576114382|0.700669757857|0.468883205456|0.328527291452|0.344001401847|-1.0
0|0.358834172435|0.542560810403|0.339057899902|0.336837678722|0.203245749614|0.184143222506|0.336766220391|0.330225321833|-1.0
0|0.38539700021|0.222860742236|0.236997055937|0.327586206897|0.0960844925296|0.346973572038|0.334706488157|0.325773276319|-1.0
1|0.220588235294|0.166666666667|0.999874332734|0.49415471354|0.821871575535|0.999113369593|0.955156950673|0.802932755959|1.0
0|0.647058823529|0.5|0.0|0.431141696377|4.16664930563e-06|0.0|0.0179372197309|0.0622780478246|1.0
0|0.132352941176|0.333333333333|0.000125667265863|0.0747035900837|0.178124257816|0.000886630407453|0.0269058295964|0.134789196216|1.0
0|0.4|1.0|0.993484031856|0.949957779654|0.467013478364|0.381165919283|0.692307692308|0.401772889707|-1.0
1|0.6|0.0|0.00293620786743|0.0047109017377|0.532040671554|0.519899103139|0.264957264957|0.342159746184|-1.0
0|0.0|0.0|0.00357976027673|0.0453313186081|0.000945850082762|0.0989349775785|0.042735042735|0.256067364109|-1.0
0|0.045|0.277777777778|0.28125|0.122655122655|0.40221402214|0.310344827586|0.176470588235|0.275983115212|-1.0
0|0.095|0.0555555555556|0.359375|0.750360750361|0.571955719557|0.362068965517|0.176470588235|0.310369393968|-1.0
1|0.86|0.666666666667|0.359375|0.126984126984|0.0258302583026|0.327586206897|0.647058823529|0.41364749082|-1.0
0|0.399766733881|0.359982227463|0.0407214913468|0.0892731122089|0.00797846682231|0.0829800763035|0.349514563107|0.334791651447|-1.0
1|0.307384864565|0.317311760921|0.496363669175|0.437120677488|0.496063827735|0.466087325138|0.268608414239|0.329591442548|-1.0
0|0.292848401554|0.322706011616|0.462914839478|0.473606210303|0.495957705443|0.450932598559|0.381877022654|0.335616906005|-1.0
0|0.258127807441|0.343341503268|0.333333333333|0.335164835165|0.466666666667|0.214285714286|0.333333333333|0.333333333333|1.0
1|0.28497754047|0.374591503268|0.333333333333|0.335164835165|0.333333333333|0.363095238095|0.666666666667|0.333333333333|1.0
0|0.456894652089|0.282066993464|0.333333333333|0.32967032967|0.2|0.422619047619|0.0|0.333333333333|1.0
1|0.422704081633|0.79012345679|0.998599846776|0.281641961231|0.998376135202|0.999315386144|0.858490566038|0.73135764828|5.0
0|0.270663265306|0.111111111111|0.0|0.522234891676|0.00106252881859|7.72951127404e-05|0.0283018867925|0.0683399721334|5.0
0|0.306632653061|0.0987654320988|0.00140015322432|0.196123147092|0.000561335979632|0.000607318742961|0.11320754717|0.200302379586|5.0
0|0.264926337555|0.163548163548|0.32|0.409442060086|0.000981076542837|0.0433244916004|0.0|0.333267977696|1.0
0|0.0618399918768|0.126918126918|0.32|0.204291845494|0.000962209686244|0.103448275862|0.0|0.333267977696|1.0
1|0.673233670568|0.709533709534|0.36|0.386266094421|0.998056713771|0.853227232538|1.0|0.333464044607|1.0
0|0.227513227513|0.166666666667|0.430918394829|0.328220858896|0.427914110429|0.440110027507|0.428571428571|0.314937310647|-1.0
1|0.283068783069|0.291666666667|0.235119849179|0.335889570552|0.337423312883|0.232308077019|0.263157894737|0.340294660685|-1.0
0|0.489417989418|0.541666666667|0.333961755992|0.335889570552|0.234662576687|0.327581895474|0.308270676692|0.344768028668|-1.0
0|0.208638239985|0.259991656237|0.358101135191|0.333333333333|0.00272241454643|0.0094966190834|0.791574279379|0.360171616157|-1.0
0|0.566176470588|0.360033375052|0.236326109391|0.333333333333|0.00241992404127|0.979714500376|0.130820399113|0.329994111865|-1.0
1|0.225185289427|0.379974968711|0.405572755418|0.333333333333|0.994857661412|0.0107888805409|0.0776053215078|0.309834271978|-1.0
0|0.139672096909|0.154545454545|0.473061760841|0.286740331492|0.486508861225|0.436562253225|0.330687830688|0.328671867621|-1.0
1|0.419120718463|0.417045454545|0.44305738064|0.426519337017|0.485680995891|0.480652803369|0.307760141093|0.338548256361|-1.0
0|0.441207184628|0.428409090909|0.0838808585195|0.286740331492|0.0278101428834|0.0827849434062|0.361552028219|0.332779876018|-1.0
0|0.230476190476|0.383333333333|0.197148676171|0.13237481408|0.281942977825|0.286384976526|0.166666666667|0.297897429358|1.0
0|0.487619047619|0.483333333333|0.525458248473|0.545364402578|0.256599788807|0.255868544601|0.380208333333|0.264234593247|1.0
1|0.281904761905|0.133333333333|0.277393075356|0.322260783342|0.461457233369|0.457746478873|0.453125|0.437867977395|1.0
1|0.475445753077|0.371212121212|0.330275229358|0.36568986569|0.351351351351|0.47755543537|0.222857142857|0.353827214119|-1.0
0|0.259124647283|0.155844155844|0.330275229358|0.288766788767|0.297297297297|0.124391563007|0.422857142857|0.316875192312|-1.0
0|0.26542959964|0.472943722944|0.339449541284|0.345543345543|0.351351351351|0.398053001622|0.354285714286|0.329297593569|-1.0
1|0.338798541495|0.281452040276|0.47963800905|0.0298524150268|0.479820627803|0.479820627803|0.667824074074|0.496803060646|1.0
0|0.247780099243|0.0788288288288|0.0|0.950357781753|0.0|0.0|0.0185185185185|0.0298773423735|1.0
0|0.413421359262|0.639719130896|0.52036199095|0.01978980322|0.520179372197|0.520179372197|0.313657407407|0.473319596981|1.0
1|0.416666666667|0.346385542169|0.0613743703722|0.27935483871|0.468923290203|0.187873952932|0.174377224199|0.372720184565|-1.0
0|0.318253968254|0.326305220884|0.499927524853|0.441290322581|0.0436691312384|0.450737933785|0.423487544484|0.321926338614|-1.0
0|0.265079365079|0.327309236948|0.438698104775|0.27935483871|0.487407578558|0.361388113283|0.402135231317|0.305353476821|-1.0
0|0.659070322649|0.692424242424|0.00448065173116|0.224237427865|0.908489161013|0.933861829954|0.892405063291|0.2551075892|1.0
1|0.168782548655|0.0818181818182|0.00570264765784|0.22176422094|0.0143968227701|0.00118289165128|0.0|0.28973140916|1.0
0|0.172147128697|0.225757575758|0.989816700611|0.553998351195|0.0771140162171|0.0649552783946|0.107594936709|0.455161001639|1.0
1|0.354166666667|0.658333333333|0.932203389831|0.45405170541|0.950616289374|0.774938169827|0.778571428571|0.408813478888|0.0
0|0.208333333333|0.233333333333|0.0270003941663|0.469259178796|0.0271489567389|0.115416323166|0.15612244898|0.322149866329|0.0
0|0.4375|0.108333333333|0.0407962160032|0.076689115794|0.0222347538871|0.109645507007|0.065306122449|0.269036654783|0.0
1|0.235536123146|0.339348370927|0.397899972368|0.350857142857|0.244613854823|0.809261300992|0.315789473684|0.40306767485|-1.0
0|0.33342674778|0.264160401003|0.0218292345952|0.340571428571|0.0228704010607|0.0826901874311|0.157894736842|0.251094193472|-1.0
0|0.431037129074|0.39649122807|0.580270793037|0.308571428571|0.732515744117|0.108048511577|0.526315789474|0.345838131678|-1.0
0|0.1796875|0.0625|0.334782608696|0.263888888889|0.344262295082|0.363895216401|0.337264150943|0.344041251786|-1.0
0|0.2578125|0.0|0.230434782609|0.474206349206|0.229508196721|0.513097949886|0.341981132075|0.342602635854|-1.0
1|0.5625|0.9375|0.434782608696|0.261904761905|0.426229508197|0.123006833713|0.320754716981|0.313356112361|-1.0
0|0.215099238996|0.396557271557|0.00389441800087|0.0814545454545|0.0010757507844|0.00518582541054|0.246031746032|0.172326430057|1.0
0|0.163015905663|0.229890604891|0.00519255733449|0.111272727273|0.00385477364411|0.00518582541054|0.107142857143|0.11818682388|1.0
1|0.621884855341|0.373552123552|0.990913024665|0.807272727273|0.995069475571|0.989628349179|0.646825396825|0.709486746063|1.0
0|0.162091734056|0.387348484848|0.0207295516632|0.375296912114|0.517419354839|0.079283887468|0.879581151832|0.335328292684|1.0
1|0.608245949419|0.175984848485|0.0713482243291|0.242280285036|0.334193548387|0.561636828645|0.0732984293194|0.362663080136|1.0
0|0.229662316525|0.436666666667|0.907922224008|0.38242280285|0.148387096774|0.359079283887|0.0471204188482|0.30200862718|1.0
0|0.613733905579|0.563218390805|0.118140735959|0.00450138504155|0.369410781446|0.217812553656|0.310520939734|0.376359440449|-1.0
0|0.148068669528|0.298850574713|0.398967075533|0.971693213296|0.605933974091|0.767740194756|0.0633299284985|0.292367495212|-1.0
1|0.238197424893|0.137931034483|0.482892188509|0.023805401662|0.024655244463|0.0144472515882|0.626149131767|0.331273064339|-1.0
1|0.248366013072|0.285714285714|0.769005419657|0.526230438661|0.680026281209|0.232405259087|0.150684931507|0.345314305927|-1.0
0|0.0802139037433|0.0|0.000292954445584|0.0375415551772|0.127792378449|0.303557617943|0.0776255707763|0.207701977104|-1.0
0|0.671420083185|0.714285714286|0.230701625897|0.436228006162|0.192181340342|0.46403712297|0.771689497717|0.446983716969|-1.0
0|0.139356725146|0.305555555556|0.325842696629|0.259439707674|0.289855072464|0.630174793008|0.267326732673|0.344331552176|1.0
0|0.288976608187|0.242063492063|0.23595505618|0.403166869671|0.398550724638|0.290248390064|0.316831683168|0.21336746238|1.0
1|0.571666666667|0.452380952381|0.438202247191|0.337393422655|0.311594202899|0.0795768169273|0.415841584158|0.442300985444|1.0
0|0.192553060974|0.370534614437|0.235294117647|0.327472527473|0.0668368530982|0.0409733302941|0.214285714286|0.226179431554|0.0
0|0.534952766532|0.208425720621|0.274509803922|0.345054945055|0.0222789510327|0.0130499202188|0.125|0.248049825699|0.0
1|0.272494172494|0.421039664942|0.490196078431|0.327472527473|0.910884195869|0.945976749487|0.660714285714|0.525770742746|0.0
0|0.315454545455|0.417065232526|0.480599819897|0.365664403492|0.481194690265|0.477332746479|0.370072405471|0.334631501968|1.0
1|0.266868686869|0.175751879699|0.483360087702|0.367604267701|0.285674778761|0.473811619718|0.299275945294|0.330503895458|1.0
0|0.417676767677|0.407182887775|0.0360400924005|0.266731328807|0.233130530973|0.0488556338028|0.330651649236|0.334864602574|1.0
1|0.400914634146|0.692307692308|0.46687263989|0.0877192982456|0.209677419355|0.346153846154|0.482603815937|0.338429663863|-1.0
0|0.500508130081|0.298076923077|0.162375557844|0.210526315789|0.568548387097|0.284188034188|0.0875420875421|0.322721235772|-1.0
0|0.0985772357724|0.00961538461538|0.370751802266|0.701754385965|0.221774193548|0.369658119658|0.429854096521|0.338849100365|-1.0
0|0.19928057554|0.344827586207|0.00872563874811|0.278350515464|0.054424287301|0.00708840920425|0.264170040486|0.304821772485|1.0
1|0.632374100719|0.5|0.939443022101|0.394329896907|0.807108478341|0.847759492769|0.473684210526|0.375606557715|1.0
0|0.168345323741|0.155172413793|0.0518313391504|0.327319587629|0.138467234358|0.145152098027|0.262145748988|0.319571669799|1.0
0|0.421052631579|0.235294117647|0.302846131041|0.482195097347|0.484301683688|0.485115766262|0.34025854109|0.284036850766|-1.0
1|0.5|0.5|0.475837533353|0.337082618783|0.495273254209|0.400771775083|0.393351800554|0.403450390345|-1.0
0|0.0789473684211|0.264705882353|0.221316335606|0.18072228387|0.0204250621032|0.114112458655|0.266389658356|0.312512758889|-1.0
0|0.691133004926|0.691869918699|0.11302835741|0.252256770311|0.138933764136|0.0520313613685|0.410788381743|0.317572302004|1.0
1|0.146921182266|0.145528455285|0.849384697699|0.506519558676|0.603123317178|0.860792806623|0.352697095436|0.367854155446|1.0
0|0.161945812808|0.162601626016|0.0375869448903|0.241223671013|0.257942918686|0.0871758320083|0.236514522822|0.31457354255|1.0
1|0.5|0.5|0.466446124764|0.337147887324|0.499959428757|0.499964687179|0.465853658537|0.407329842932|-1.0
0|0.22602739726|0.333333333333|0.473062381853|0.383802816901|0.482838364167|0.48288409179|0.287398373984|0.305235602094|-1.0
0|0.27397260274|0.166666666667|0.0604914933837|0.279049295775|0.0172022070756|0.0171512210309|0.24674796748|0.287434554974|-1.0
0|0.135746722098|0.267256637168|0.44014084507|0.363459669582|0.441489361702|0.584450402145|0.311111111111|0.333216208578|1.0
0|0.0917347443091|0.0940581542351|0.330985915493|0.480077745384|0.378723404255|0.28418230563|0.222222222222|0.304552104802|1.0
1|0.772518533593|0.638685208597|0.228873239437|0.156462585034|0.179787234043|0.131367292225|0.466666666667|0.362231686621|1.0
0|0.462962962963|0.571428571429|0.442192538001|0.321549454682|0.165924606708|0.294039735099|0.308370044053|0.333222703468|-1.0
1|0.435185185185|0.321428571429|0.443574389682|0.370440015043|0.169189670525|0.380132450331|0.411160058737|0.338613111045|-1.0
0|0.101851851852|0.107142857143|0.114233072317|0.308010530275|0.664885722766|0.32582781457|0.28046989721|0.328164185486|-1.0
1|0.0|0.0|0.073423782921|0.175700934579|0.466767371601|0.243381725021|0.40153256705|0.347235667195|-1.0
0|1.0|1.0|0.383878691141|0.211838006231|0.238670694864|0.419299743809|0.262068965517|0.330627416618|-1.0
0|0.0|0.0|0.542697525938|0.61246105919|0.294561933535|0.33731853117|0.336398467433|0.322136916187|-1.0
0|0.227978616892|0.204688449848|0.0457624640577|0.0852404643449|0.0613382899628|0.0590260698475|0.0729166666667|0.298787199102|-1.0
0|0.172300434362|0.154224924012|0.388907841513|0.822553897181|0.353159851301|0.276930644368|0.271875|0.308928088057|-1.0
1|0.599720948746|0.64108662614|0.56532969443|0.0922056384743|0.585501858736|0.664043285785|0.655208333333|0.392284712841|-1.0
0|0.291963889355|0.35119047619|0.370021211407|0.346820809249|0.376825247292|0.564186426819|0.340770791075|0.367893035479|-1.0
0|0.169877455095|0.166666666667|0.586848927646|0.500963391137|0.584079133302|0.336467702371|0.305611899932|0.282127179216|-1.0
1|0.53815865555|0.482142857143|0.0431298609474|0.152215799615|0.0390956194065|0.0993458708095|0.353617308993|0.349979785305|-1.0
0|0.276388888889|0.115384615385|0.00513452454303|0.523468057366|0.0434090003982|0.117065670986|0.272855133615|0.304368776534|1.0
1|0.202777777778|0.348557692308|0.936537276648|0.391786179922|0.383114297093|0.586426531957|0.36005625879|0.377687552365|1.0
0|0.520833333333|0.536057692308|0.0583281988088|0.0847457627119|0.573476702509|0.296507797057|0.367088607595|0.317943671101|1.0
1|0.183712121212|0.380952380952|0.0252053242707|0.333333333333|0.231691078562|0.235457063712|0.348837209302|0.318941912564|1.0
0|0.522727272727|0.238095238095|0.962900028321|0.333333333333|0.672436750999|0.664819944598|0.372093023256|0.500651127047|1.0
0|0.293560606061|0.380952380952|0.0118946474087|0.333333333333|0.0958721704394|0.0997229916898|0.279069767442|0.180406960388|1.0
0|0.3817194702|0.251612903226|0.262805587893|0.265640038499|0.488244806568|0.474355747145|0.276627218935|0.333290389053|-1.0
0|0.30796691006|0.31935483871|0.36161233993|0.358517805582|0.422254011693|0.485038230389|0.359467455621|0.361177268343|-1.0
1|0.310313619741|0.429032258065|0.375582072177|0.375842155919|0.089501181739|0.0406060224663|0.363905325444|0.305532342604|-1.0
0|0.336491487787|0.2125|0.200102880658|0.581632653061|0.000562618134004|0.125|0.153374233129|0.285879850191|1.0
1|0.118282753516|0.1625|0.560699588477|0.271428571429|0.682727623286|0.691860465116|0.631901840491|0.405220802727|1.0
0|0.545225758697|0.625|0.239197530864|0.14693877551|0.31670975858|0.183139534884|0.21472392638|0.308899347082|1.0
0|0.334511771532|0.349006116208|0.286469933185|0.331578947368|0.279375914188|0.334598698482|0.276239907728|0.326271839208|-1.0
0|0.270091610467|0.295393730887|0.279231625835|0.333436532508|0.325694783033|0.286876355748|0.309111880046|0.321620507163|-1.0
1|0.395396618001|0.355600152905|0.43429844098|0.334984520124|0.394929302779|0.37852494577|0.414648212226|0.352107653629|-1.0
1|0.8125|0.333333333333|0.747899159664|0.261057841015|0.0139922596011|0.00581959262852|0.740196078431|0.689179609237|1.0
0|0.1875|0.333333333333|0.176470588235|0.550572223941|0.976481095564|0.218234723569|0.151960784314|0.18742459462|1.0
0|0.0|0.333333333333|0.0756302521008|0.188369935045|0.00952664483477|0.775945683802|0.107843137255|0.123395796143|1.0
0|0.327660010241|0.315942028986|0.354166666667|0.181034482759|0.290909090909|0.477767265847|0.333333333333|0.437475186082|-1.0
0|0.252565284178|0.34347826087|0.25|0.224137931034|0.218181818182|0.315042573321|0.333333333333|0.280677274506|-1.0
1|0.419774705581|0.340579710145|0.395833333333|0.594827586207|0.490909090909|0.207190160833|0.333333333333|0.281847539411|-1.0
1|0.482026143791|0.166666666667|0.97796202761|0.313782991202|0.914494741655|0.951086956522|0.260768335274|0.369335998211|-1.0
0|0.272875816993|0.333333333333|3.34918502606e-07|0.343108504399|0.0329218106996|0.00756143667297|0.359138533178|0.319304590662|-1.0
0|0.245098039216|0.5|0.0220376374715|0.343108504399|0.0525834476452|0.0413516068053|0.380093131548|0.311359411127|-1.0
0|0.232142857143|0.666666666667|0.967071436386|0.666666666667|0.916075650118|0.709487439036|0.432098765432|0.424962806358|1.0
0|0.107142857143|0.0|0.0226452248113|0.178326474623|0.0392040977147|0.219011686758|0.296296296296|0.269323728238|1.0
1|0.660714285714|0.333333333333|0.0102833388032|0.155006858711|0.0447202521671|0.0715008742063|0.271604938272|0.305713465403|1.0
0|0.0833333333333|0.0|0.581589958159|0.453237410072|0.903851192036|0.91719014976|0.220833333333|0.350524695169|0.0
0|0.833333333333|0.0|0.201673640167|0.257194244604|0.0635315692953|0.013065182602|0.25|0.317205469791|0.0
1|0.0833333333333|1.0|0.216736401674|0.289568345324|0.0326172386691|0.069744667638|0.529166666667|0.33226983504|0.0
0|0.383374904836|0.244263285024|0.499150928832|0.315634218289|0.358974358974|0.499642614848|0.31887755102|0.323379379981|-1.0
1|0.290826888916|0.391062801932|0.308744575379|0.329400196657|0.290598290598|0.000872262066292|0.34693877551|0.337134423658|-1.0
0|0.325798206248|0.364673913043|0.192104495789|0.354965585054|0.350427350427|0.499485123086|0.334183673469|0.339486196362|-1.0
0|0.25301689461|0.627118644068|0.175438596491|0.124666073019|0.024494142705|0.0121779859485|0.103448275862|0.155303654686|1.0
0|0.594069647167|0.367231638418|0.0438596491228|0.261798753339|0.00638977635783|0.00421545667447|0.103448275862|0.100338847905|1.0
1|0.152913458223|0.00564971751412|0.780701754386|0.613535173642|0.969116080937|0.983606557377|0.793103448276|0.744357497409|1.0
0|0.428384687208|0.364741641337|0.387354030191|0.359836901121|0.39071680376|0.385844748858|0.138554216867|0.34471302366|1.0
0|0.203408029879|0.303191489362|0.256622045001|0.437818552497|0.265569917744|0.262557077626|0.0692771084337|0.31414139968|1.0
1|0.368207282913|0.332066869301|0.356023924808|0.202344546381|0.343713278496|0.351598173516|0.792168674699|0.34114557666|1.0
1|0.573529411765|0.450617283951|0.529552442774|0.260082565894|0.383182035356|0.556274734623|0.716417910448|0.405292848789|-1.0
0|0.149680629828|0.402777777778|0.469764263751|0.396951413147|0.39082656474|0.443096497392|0.194029850746|0.315713970313|-1.0
0|0.276789958408|0.146604938272|0.000683293474547|0.342966020959|0.225991399904|0.000628767984614|0.089552238806|0.278993180899|-1.0
0|0.308482142857|0.257936507937|0.999884968986|0.328767123288|0.000826745207461|0.99985605616|0.461538461538|0.749844150799|-1.0
0|0.474285714286|0.5|0.000115031014131|0.342465753425|0.000189462443377|0.000143943839757|0.307692307692|0.162565996608|-1.0
1|0.217232142857|0.242063492063|0.0|0.328767123288|0.998983792349|0.0|0.230769230769|0.0875898525929|-1.0
0|0.114285714286|0.0977011494253|0.56595431098|0.268518518519|0.155203171457|0.347071583514|0.0596026490066|0.367346071719|-1.0
1|0.765079365079|0.527777777778|0.432571849668|0.271164021164|0.844400396432|0.645336225597|0.913907284768|0.517692730143|-1.0
0|0.120634920635|0.374521072797|0.00147383935151|0.460317460317|0.000396432111001|0.00759219088937|0.0264900662252|0.114961198137|-1.0
1|0.409166903813|0.475207390649|0.546023965142|0.387096774194|0.555758017493|0.585074152437|0.371266002845|0.391289988601|1.0
0|0.428630715234|0.306466817496|0.423474945534|0.345351043643|0.431851311953|0.412233910461|0.446657183499|0.34620019504|1.0
0|0.162202380952|0.218325791855|0.0305010893246|0.267552182163|0.0123906705539|0.00269193710205|0.182076813656|0.262509816359|1.0
1|0.845020255154|0.540277777778|0.525390096509|0.352001577598|0.513164514506|0.489887183657|0.628318584071|0.405973404522|-1.0
0|0.0318018018018|0.142857142857|0.473527554794|0.575823309012|0.429314103639|0.508181725785|0.345132743363|0.392437769963|-1.0
0|0.123177943044|0.316865079365|0.00108234869667|0.0721751133899|0.0575213818548|0.00193109055798|0.0265486725664|0.201588825515|-1.0
0|0.352041614155|0.287948049984|0.0579710144928|0.293823038397|0.182811830261|0.0563577084304|0.291715976331|0.330697741752|-1.0
0|0.317918939805|0.317086921501|0.484782608696|0.368113522538|0.478996999571|0.483465300419|0.366863905325|0.335807090837|-1.0
1|0.33003944604|0.394965028514|0.457246376812|0.338063439065|0.338191170167|0.46017699115|0.341420118343|0.333495167411|-1.0
1|0.683139534884|0.343065693431|1.77059239193e-05|0.324881141046|1.70557838616e-05|0.405841660261|0.462129527991|0.342201884052|5.0
0|0.168604651163|0.328467153285|0.766586024231|0.359350237718|0.731295938177|0.449654112221|0.219538968167|0.337101732917|5.0
0|0.148255813953|0.328467153285|0.233396269845|0.315768621236|0.268687006039|0.144504227517|0.318331503842|0.320696383032|5.0
0|0.875|0.0|0.59375|0.734336859235|0.565217391304|0.590909090909|0.461538461538|0.394206072181|-1.0
0|0.0|0.5|0.25|0.242066720911|0.304347826087|0.318181818182|0.307692307692|0.311940200211|-1.0
1|0.125|0.5|0.15625|0.0235964198535|0.130434782609|0.0909090909091|0.230769230769|0.293853727608|-1.0
0|0.322133401803|0.415649024365|0.577673692428|0.31163434903|0.231204070096|0.2|0.290043290043|0.335265871269|1.0
0|0.306754806393|0.244698604468|0.188134270101|0.482456140351|0.339174674958|0.375221238938|0.17316017316|0.320941672633|1.0
1|0.371111791804|0.339652371168|0.234192037471|0.205909510619|0.429621254946|0.424778761062|0.536796536797|0.343792456098|1.0
0|0.116951874221|0.179672447013|0.000603409262332|0.316091954023|0.00105770360794|0.120329792765|0.08|0.134162460456|1.0
0|0.358350110248|0.445086705202|0.303590285111|0.340996168582|0.22721040467|0.869048503305|0.188|0.315099176792|1.0
1|0.524698015531|0.375240847784|0.695806305627|0.342911877395|0.771731891722|0.0106217039293|0.732|0.550738362752|1.0
1|0.647058823529|0.0|0.0294862721776|0.0557491289199|0.290222139039|0.373429559531|0.62633107454|0.473663451061|-1.0
0|0.0294117647059|0.0|0.970512522409|0.88850174216|0.70975598492|0.626559663643|0.323330106486|0.435920859991|-1.0
0|0.323529411765|1.0|1.20541364248e-06|0.0557491289199|2.18760406311e-05|1.07768262147e-05|0.0503388189739|0.0904156889486|-1.0
1|0.78306836248|0.771929824561|4.13443649073e-05|0.352662721893|0.000108999428843|6.42814798708e-05|0.333333333333|0.332646311079|-1.0
0|0.135055643879|0.147869674185|0.999956732641|0.482840236686|0.99988809392|0.999934131323|0.625|0.601713247566|-1.0
0|0.0818759936407|0.0802005012531|1.92299371662e-06|0.16449704142|2.90665143581e-06|1.58719703385e-06|0.0416666666667|0.0656404413549|-1.0
1|0.26292821019|0.254605683269|0.384443282011|0.344680851064|0.616707521108|0.422451700809|0.489539748954|0.455564479367|1.0
0|0.600853790958|0.736135057471|0.61552940781|0.357446808511|0.3832535699|0.577547604952|0.481171548117|0.475201012859|1.0
0|0.136217998852|0.00925925925926|2.73101785035e-05|0.297872340426|3.8908991868e-05|6.94238809022e-07|0.0292887029289|0.0692345077734|1.0
0|0.317705241262|0.32616092936|0.404248952723|0.468124233756|0.4531085353|0.455311778291|0.350938967136|0.334968913896|-1.0
1|0.369355636027|0.371872739127|0.219628964692|0.465059256232|0.171232876712|0.0935334872979|0.330985915493|0.32551541929|-1.0
0|0.312939122712|0.301966331513|0.376122082585|0.0668165100123|0.375658587987|0.451154734411|0.318075117371|0.339515666814|-1.0
0|0.34536271809|0.473855646626|0.031914893617|0.301408450704|0.0|4.66541218917e-05|0.0666666666667|0.0851848244716|5.0
1|0.310651974288|0.434896117843|0.968085106383|0.395305164319|1.0|0.999953345878|0.877192982456|0.843341245511|5.0
0|0.343985307622|0.0912482355314|0.0|0.303286384977|0.0|0.0|0.0561403508772|0.0714739300173|5.0
1|0.6875|0.0|0.28813559322|0.374212034384|0.326815642458|0.2768|0.511820330969|0.395215166196|-1.0
0|0.0625|1.0|0.476408612002|0.248137535817|0.365921787709|0.4432|0.0531914893617|0.269190456781|-1.0
0|0.25|0.0|0.235455794778|0.377650429799|0.307262569832|0.28|0.434988179669|0.335594377023|-1.0
0|0.386747613117|0.30868707483|0.335680751174|0.333333333333|0.390963014655|0.380139982502|0.336658354115|0.34977082745|-1.0
0|0.242666389927|0.349090136054|0.330985915493|0.333333333333|0.46406140963|0.39253426655|0.339152119701|0.325202610152|-1.0
1|0.370585996956|0.342222789116|0.333333333333|0.333333333333|0.144975575715|0.227325750948|0.324189526185|0.325026562398|-1.0
0|0.200498620501|0.04|0.000401208345134|0.332058148432|0.000388038992039|0.00122792103523|0.0861344537815|0.13337648653|1.0
0|0.0449574566669|0.399722222222|0.0130982724441|0.332823259373|0.0130522206413|0.0277699064891|0.0105042016807|0.330084719389|1.0
1|0.754543922832|0.560277777778|0.986500519211|0.335118592196|0.986559740367|0.971002172476|0.903361344538|0.536538794081|1.0
0|0.232738095238|0.565011820331|0.392857142857|0.333822450477|0.454545454545|0.245508982036|0.347826086957|0.28166853477|1.0
0|0.432291666667|0.19621749409|0.362244897959|0.331621423331|0.369696969697|0.431137724551|0.391304347826|0.46116997739|1.0
1|0.334970238095|0.238770685579|0.244897959184|0.334556126192|0.175757575758|0.323353293413|0.260869565217|0.257161487841|1.0
0|0.0759657009657|0.047619047619|0.000988089156562|0.254347826087|0.00571914436588|0.00573554860249|0.165048543689|0.300545189461|1.0
1|0.870254014991|0.880952380952|0.88054203748|0.422173913043|0.993466392195|0.994161757765|0.679611650485|0.482508564724|1.0
0|0.0537802840434|0.0714285714286|0.118469873363|0.32347826087|0.000814463438647|0.000102693632121|0.155339805825|0.216946245816|1.0
0|0.17260603853|0.130341880342|0.993442302046|0.497754573811|0.377192982456|0.325581395349|0.592375366569|0.345823916925|-1.0
0|0.368975980921|0.291666666667|0.00357247724381|0.495542331261|0.399122807018|0.348837209302|0.407624633431|0.33334034114|-1.0
1|0.458417980549|0.577991452991|0.00298522071058|0.00670309492733|0.223684210526|0.325581395349|0.0|0.320835741935|-1.0
0|0.346866096866|0.345454545455|0.471195257005|0.480084640279|0.439663699308|0.447443616696|0.287917737789|0.330092750267|-1.0
0|0.264957264957|0.418181818182|0.0525476816377|0.0929798356983|0.134520276954|0.0958771303194|0.303341902314|0.336746758849|-1.0
1|0.388176638177|0.236363636364|0.476257061357|0.426935524023|0.425816023739|0.456679252985|0.408740359897|0.333160490884|-1.0
1|0.372017908953|0.317896047308|0.226951283394|0.431859521478|0.428548177083|0.262264150943|0.28640776699|0.340592012849|-1.0
0|0.321704890854|0.383097312999|0.289156626506|0.126416678327|0.101236979167|0.256226415094|0.360841423948|0.336274636155|-1.0
0|0.306277200193|0.299006639693|0.4838920901|0.441723800196|0.47021484375|0.481509433962|0.352750809061|0.323133350997|-1.0
0|0.274968758222|0.235632183908|0.308823529412|0.335947302384|0.340909090909|0.467785149273|0.417030567686|0.315669323677|-1.0
0|0.34513943699|0.293103448276|0.364705882353|0.332183186951|0.357142857143|0.0553712681807|0.399563318777|0.345493291652|-1.0
1|0.379891804788|0.471264367816|0.326470588235|0.331869510665|0.301948051948|0.476843582547|0.183406113537|0.338837384671|-1.0
1|0.210769230769|0.10500575374|0.0769230769231|0.734185512947|2.28435672515e-05|1.08624691913e-06|0.384615384615|0.285459165307|1.0
0|0.148717948718|0.377733026467|0.923076923077|0.148475909538|0.211874086257|0.0169454519385|0.384615384615|0.525694578503|1.0
0|0.640512820513|0.517261219793|0.0|0.117338577516|0.788103070175|0.983053461815|0.230769230769|0.18884625619|1.0
1|0.411619077465|0.39801269399|0.461240886773|0.394211576846|0.48754192621|0.448030273281|0.435443037975|0.387148230876|1.0
0|0.274842810462|0.308835481249|0.0864454694242|0.216566866267|0.0704360325827|0.00576548917409|0.217721518987|0.274557842284|1.0
0|0.313538112073|0.293151824761|0.452313643803|0.389221556886|0.442022041207|0.546204237545|0.346835443038|0.33829392684|1.0
1|0.468187604708|0.390905587669|0.0290556900726|0.751769261584|0.03125|0.031122031122|0.159420289855|0.302958258674|-1.0
0|0.126797226837|0.226576750161|0.0104923325262|0.152223260782|0.0173611111111|0.010647010647|0.0869565217391|0.200701223931|-1.0
0|0.405015168455|0.382517662171|0.960451977401|0.0960074776339|0.951388888889|0.958230958231|0.753623188406|0.496340517395|-1.0
0|0.827083333333|0.37037037037|0.207142857143|0.13881748072|0.261941448382|0.268115942029|0.36277173913|0.338672172628|-1.0
0|0.0333333333333|0.5|0.316071428571|0.0214224507284|0.374422187982|0.352355072464|0.33152173913|0.321477998972|-1.0
1|0.139583333333|0.12962962963|0.476785714286|0.839760068552|0.363636363636|0.379528985507|0.305706521739|0.3398498284|-1.0
0|0.200611111111|0.22962962963|0.497442043143|0.40220898486|0.469993476843|0.497439464505|0.389460154242|0.331594168825|-1.0
1|0.311555555556|0.357777777778|0.494511470523|0.393149664929|0.372472276582|0.49450593762|0.42030848329|0.353552277652|-1.0
0|0.487833333333|0.412592592593|0.00804648633407|0.204641350211|0.157534246575|0.00805459787496|0.190231362468|0.314853553523|-1.0
0|0.244618854106|0.335243902439|0.499771910817|0.34188034188|0.473703500092|0.499748441431|0.408088235294|0.412086711441|-1.0
1|0.468954211882|0.374268292683|0.00105491247078|0.34188034188|0.365310610225|0.00125779284699|0.360294117647|0.33743006474|-1.0
0|0.286426934012|0.290487804878|0.499173176712|0.316239316239|0.160985889683|0.498993765722|0.231617647059|0.25048322382|-1.0
0|0.0|0.0|0.160575194727|0.22371967655|0.315608919383|0.267454350161|0.336486486486|0.338056001079|-1.0
0|0.166666666667|0.0|0.364289994008|0.22371967655|0.207547169811|0.0397422126745|0.260810810811|0.285589367164|-1.0
1|0.833333333333|1.0|0.475134811264|0.5525606469|0.476843910806|0.692803437164|0.402702702703|0.376354631757|-1.0
1|0.400909090909|0.324404761905|0.275474525475|0.228285077951|0.388584247258|0.387267237041|0.31754503002|0.353813221824|-1.0
0|0.257954545455|0.27380952381|0.272727272727|0.43429844098|0.370638085743|0.369401107197|0.291527685123|0.328016726404|-1.0
0|0.341136363636|0.401785714286|0.451798201798|0.337416481069|0.240777666999|0.243331655762|0.390927284857|0.318170051772|-1.0
1|0.693730616405|0.639314441239|0.366023166023|0.0958999305073|0.373384030418|0.366229760987|0.17191283293|0.364716008364|-1.0
0|0.153217735136|0.168577168176|0.338996138996|0.139680333565|0.334600760456|0.338473400154|0.451573849879|0.322233848706|-1.0
0|0.153051648458|0.192108390585|0.294980694981|0.764419735928|0.292015209125|0.295296838859|0.376513317191|0.31305014293|-1.0
0|0.308306872972|0.153247471555|0.312247644684|0.335820895522|0.00271739130435|0.0278149237764|0.0238095238095|0.333333333333|-1.0
1|0.509651727718|0.536728297514|0.347240915209|0.333333333333|0.896739130435|0.889275207275|0.952380952381|0.333333333333|-1.0
0|0.18204139931|0.310024230931|0.340511440108|0.330845771144|0.100543478261|0.0829098689489|0.0238095238095|0.333333333333|-1.0
0|0.0|0|0.0509803921569|0.101819970487|0.617988210686|0.0573913043478|0.147727272727|0.174493554328|-1.0
0|0.875|0|0.1|0.49680275455|0.00266210306142|0.0973913043478|0.227272727273|0.269826197053|-1.0
1|0.125|0|0.849019607843|0.401377274963|0.379349686252|0.845217391304|0.625|0.555680248619|-1.0
0|0.415616639914|0.498075998076|0.333333333333|0.33038869258|0.000287747404441|0.0190543401553|0.28431372549|0.30485517815|-1.0
1|0.224886302836|0.30784030784|0.27619047619|0.321554770318|0.000373293930085|0.943307457069|0.372549019608|0.292580442525|-1.0
0|0.35949705725|0.194083694084|0.390476190476|0.348056537102|0.999338958665|0.0376382027758|0.343137254902|0.402564379325|-1.0
0|0.334901055726|0.263406094574|0.333333333333|0.333333333333|0.282454517422|0.333333333333|0.434782608696|0.333208742703|0.0
0|0.310546026445|0.331333640553|0.333333333333|0.333333333333|0.465618254702|0.333333333333|0.130434782609|0.333342232664|0.0
1|0.354552917828|0.405260264873|0.333333333333|0.333333333333|0.251927227875|0.333333333333|0.434782608696|0.333449024633|0.0
0|0.33659043659|0.295263532764|0.362029646522|0.262106072252|0.329439252336|0.380468268638|0.435920577617|0.336192222184|-1.0
0|0.233108108108|0.363105413105|0.375712656784|0.374711760184|0.317757009346|0.380160197166|0.245487364621|0.324421159138|-1.0
1|0.430301455301|0.341631054131|0.262257696693|0.363182167563|0.352803738318|0.239371534196|0.318592057762|0.339386618678|-1.0
0|0.254238618524|0.525252525253|0.0204180845892|0.568844807468|0.0196078431373|0.0120080999858|0.116279069767|0.249974781099|1.0
0|0.0862637362637|0.39898989899|0.55177442878|0.15227537923|0.551470588235|0.490126530033|0.162790697674|0.312453571572|1.0
1|0.659497645212|0.0757575757576|0.427807486631|0.278879813302|0.428921568627|0.497865369981|0.720930232558|0.437571647329|1.0
0|0.26964728616|0.526747782446|0.0568839468556|0.339735894358|0.373826359105|0.540068962652|0.348381601363|0.322034313072|1.0
1|0.562367803736|0.344514472456|0.00329432248746|0.321728691477|0.0205169815695|0.00346890449088|0.0562180579216|0.324678121029|1.0
0|0.167984910105|0.128737745098|0.939821730657|0.338535414166|0.605656659325|0.456462132857|0.595400340716|0.353287565899|1.0
0|0.241071428571|0.384615384615|0.33982300885|0.30511627907|0.369387755102|0.340941512126|0.34765625|0.335420820654|-1.0
1|0.0580357142857|0.5|0.300884955752|0.321860465116|0.273469387755|0.27817403709|0.357421875|0.346876612064|-1.0
0|0.700892857143|0.115384615385|0.359292035398|0.373023255814|0.357142857143|0.380884450785|0.294921875|0.317702567282|-1.0
1|0.972222222222|1.0|0.000319854146509|0.734597156398|0.000396694214876|0.206058994651|0.0804020100503|0.261404319781|3.0
0|0.0138888888889|0.0|0.000135938012266|0.0225118483412|0.000154269972452|0.000203321968157|0.035175879397|0.111982446628|3.0
0|0.0138888888889|0.0|0.999544207841|0.242890995261|0.999449035813|0.793737683381|0.884422110553|0.626613233591|3.0
0|0.0350230414747|0.0|0.230673316708|0.333625218914|0.0537689297261|0.137608550434|0.173469387755|0.291143967417|1.0
0|0.138528138528|0.0|0.000935162094763|0.332749562172|0.000170154840905|0.000668002672011|0.0391156462585|0.0557898716617|1.0
1|0.826448819997|1.0|0.768391521197|0.333625218914|0.946060915433|0.861723446894|0.787414965986|0.653066160922|1.0
1|0.862804878049|0.833333333333|1.0|0.334763948498|1.0|1.0|0.737704918033|0.738380227875|2.0
0|0.00609756097561|0.0|0.0|0.332618025751|0.0|0.0|0.131147540984|0.130809886062|2.0
0|0.131097560976|0.166666666667|0.0|0.332618025751|0.0|0.0|0.131147540984|0.130809886062|2.0
1|0.5336527703|0.300348912691|0.466295609153|0.369863013699|0.413669064748|0.30636550308|0.433070866142|0.338966462361|1.0
0|0.229641160085|0.444214540734|0.223871366729|0.31612223393|0.0726618705036|0.266529774127|0.10461192351|0.324949938849|1.0
0|0.236706069614|0.255436546576|0.309833024119|0.314014752371|0.513669064748|0.427104722793|0.462317210349|0.33608359879|1.0
0|0.194541941341|0.245893719807|0.00887688151293|0.445875059609|0.434715025907|0.26409495549|0.253846153846|0.291918048876|1.0
1|0.31354386724|0.512560386473|0.982889489258|0.386266094421|0.415544041451|0.580283547643|0.507692307692|0.456040102135|1.0
0|0.491914191419|0.24154589372|0.00823362922938|0.16785884597|0.149740932642|0.155621496868|0.238461538462|0.252041848989|1.0
0|0.364497096978|0.201746893189|0.749479528105|0.265795206972|0.438105489774|0.307936507937|0.397959183673|0.318634066351|0.0
1|0.477166569885|0.386073282546|0.227851029378|0.265795206972|0.0505920344456|0.344841269841|0.30612244898|0.356449000522|0.0
0|0.158336333137|0.412179824266|0.0226694425168|0.468409586057|0.51130247578|0.347222222222|0.295918367347|0.324916933126|0.0
1|0.5|0|0.476467083706|0.408426966292|0.276585820896|0.276585820896|0.446726572529|0.362852664577|-1.0
0|0.333333333333|0|0.0397676496872|0.149812734082|0.32276119403|0.32276119403|0.115532734275|0.334639498433|-1.0
0|0.166666666667|0|0.483765266607|0.441760299625|0.400652985075|0.400652985075|0.437740693196|0.302507836991|-1.0
0|0.302227201671|0.372921108742|0.0931113774007|0.572082379863|0.145945945946|2.24770172499e-05|0.100584795322|0.344208800048|1.0
0|0.101428727233|0.235110163468|6.47731321048e-05|0.192873488068|0.273513513514|0.634351375718|0.189473684211|0.249008253009|1.0
1|0.596344071096|0.39196872779|0.906823849467|0.235044132069|0.580540540541|0.365626147264|0.709941520468|0.406782946943|1.0
0|0.39966940808|0.457547169811|0.997976240132|0.0241448692153|0.997899964744|0.997579744322|0.222732491389|0.371691036464|-1.0
0|0.047778561354|0.0|0.00101960420818|0.652246814219|0.000965709643301|0.00114807000124|0.295063145809|0.291354833194|-1.0
1|0.552552030566|0.542452830189|0.00100415565958|0.323608316566|0.00113432561277|0.00127218567705|0.482204362801|0.336954130342|-1.0
0|0.368475462811|0.229247326696|0.0142370103741|0.316749585406|0.0105136159945|0.0147427854454|0.155433287483|0.309466886776|1.0
1|0.371032872265|0.208160490413|0.964253837262|0.353233830846|0.973802137194|0.962986198243|0.709766162311|0.436739600123|1.0
0|0.260491664924|0.562592182891|0.0215091523638|0.330016583748|0.0156842468114|0.0222710163112|0.134800550206|0.2537935131|1.0
0|0.589754581089|0.427304110722|0.25|0.329268292683|0.00879204892966|0.0108765195138|0.715789473684|0.278815171719|1.0
0|0.236105675978|0.299707061255|0.234375|0.329268292683|0.0164373088685|0.0166346769034|0.284210526316|0.256810933856|1.0
1|0.174139742933|0.272988828023|0.515625|0.341463414634|0.974770642202|0.972488803583|0.0|0.464373894425|1.0
1|0.342294973545|0.414962651727|0.379310344828|0.315610859729|0.381944444444|0.383628432127|0.419811320755|0.365895573346|0.0
0|0.349966931217|0.304318394024|0.336206896552|0.341063348416|0.3125|0.287015653066|0.311320754717|0.326951477464|0.0
0|0.307738095238|0.280718954248|0.284482758621|0.343325791855|0.305555555556|0.329355914806|0.268867924528|0.30715294919|0.0
1|0.350408860565|0.314205473856|0.273737373737|0.451948543322|0.356747787611|0.37422037422|0.431649331352|0.334410075825|1.0
0|0.331956074813|0.389450571895|0.371717171717|0.320469163829|0.237278761062|0.413201663202|0.368499257058|0.326685158851|1.0
0|0.317635064622|0.296343954248|0.354545454545|0.227582292849|0.405973451327|0.212577962578|0.19985141159|0.338904765324|1.0
1|0.5|0.5|0.318941504178|0.238154613466|0.362637362637|0.328346028292|0.419706180344|0.35646431199|-1.0
0|0.154944950645|0.0916666666667|0.323119777159|0.415835411471|0.379120879121|0.351741022851|0.212765957447|0.318497447974|-1.0
0|0.345055049355|0.408333333333|0.357938718663|0.346009975062|0.258241758242|0.319912948857|0.367527862209|0.325038240036|-1.0
